
============================================================
Trace references:
          race_id gender  reference_time  reference_log  reference_std  n_total  n_used
Казанский марафон      M          5889.0       8.680841      48.493621     9979     401
Казанский марафон      F          6272.0       8.743851      70.211605     2406      96
       Белые ночи      M         10530.0       9.261984      37.800023    10149     407
       Белые ночи      F         11510.5       9.351015     219.234627     2202      88
     Дорога жизни      M         10601.5       9.268751      34.125671     8393     336
     Дорога жизни      F         11928.0       9.386644      97.183295     2387      97
 Пермский марафон      M          9755.0       9.185535     136.822720     1863      75
 Пермский марафон      F          9585.0       9.167955     156.864771      286      12
 Чемпионат России      M          8090.5       8.998446      30.114749      247      10
 Чемпионат России      F          8932.0       9.097396      46.891428       64       3

============================================================
Age references (by race):

Казанский марафон:
gender  age  age_median_time  age_median_log  age_median_std  n_total  age_median_var
     F   23           8917.0        9.095715     1012.001688       53    1.024147e+06
     F   24           9579.0        9.167328     1381.955829       55    1.909802e+06
     F   25           9666.0        9.176370     1454.543126       63    2.115696e+06
     F   26          12549.0        9.437396     1315.106870       83    1.729506e+06
     F   27          12451.0        9.429556     1192.947613       89    1.423124e+06
     F   28          14081.0        9.552582      671.166173      114    4.504640e+05
     F   29          12814.0        9.458294     1543.591838       97    2.382676e+06
     F   30          13536.0        9.513108      725.987659      127    5.270581e+05
     F   31          13709.5        9.525844      514.418765      102    2.646267e+05
     F   32          14231.0        9.563178      272.522536      127    7.426853e+04
     F   33          14279.0        9.566545      389.442501      103    1.516655e+05
     F   34          13980.0        9.545383      228.190016      109    5.207068e+04
     F   35          14869.0        9.607034      286.955970      113    8.234373e+04
     F   36          14546.0        9.585071      245.278720      117    6.016165e+04
     F   37          14327.0        9.569901      334.945567      106    1.121885e+05
     F   38          14133.0        9.556268      217.217658      100    4.718351e+04
     F   39          14442.0        9.577896      160.324293      101    2.570388e+04
     F   40          14436.0        9.577480      327.975605       91    1.075680e+05
     F   41          14368.0        9.572759      503.077853       83    2.530873e+05
     F   42          14419.0        9.576302      479.674982       59    2.300881e+05
     F   43          14433.5        9.577307      387.484642       56    1.501443e+05
     F   44          14915.5        9.610156      492.614342       52    2.426689e+05
     F   45          14072.0        9.551942      511.384099       42    2.615137e+05
     F   46          14503.0        9.582111      379.138901       39    1.437463e+05
     F   47          14773.0        9.600556      449.390991       31    2.019523e+05
     M   18          11887.0        9.383201     1566.980671       39    2.455428e+06
     M   19          14877.0        9.607572      454.978901       51    2.070058e+05
     M   20          13369.0        9.500694      504.767104       71    2.547898e+05
     M   21          14181.0        9.559658      628.673625       83    3.952305e+05
     M   22          13200.0        9.487972      539.126243      107    2.906571e+05
     M   23          12930.0        9.467305      557.180329       97    3.104499e+05
     M   24          12580.0        9.439864      366.094800      116    1.340254e+05
     M   25          13544.0        9.513699      373.439169      164    1.394568e+05
     M   26          12619.0        9.442959      464.760033      197    2.160019e+05
     M   27          13396.0        9.502711      317.825558      242    1.010131e+05
     M   28          13085.5        9.479260      226.151229      266    5.114438e+04
     M   29          12588.0        9.440499      212.012716      351    4.494939e+04
     M   30          13746.5        9.528540      226.289792      404    5.120707e+04
     M   31          13348.0        9.499122      210.817904      427    4.444419e+04
     M   32          13353.0        9.499496      203.887474      474    4.157010e+04
     M   33          13408.0        9.503607      166.699102      498    2.778859e+04
     M   34          12891.5        9.464323      190.728203      474    3.637725e+04
     M   35          13373.5        9.501030      144.292475      526    2.082032e+04
     M   36          13194.0        9.487517      194.568985      483    3.785709e+04
     M   37          13140.0        9.483416      147.209803      455    2.167073e+04
     M   38          13406.0        9.503458      164.631000      453    2.710337e+04
     M   39          13499.0        9.510371      162.144105      423    2.629071e+04
     M   40          13405.0        9.503383       96.126186      409    9.240244e+03
     M   41          13488.5        9.509593      140.960813      334    1.986995e+04
     M   42          13765.0        9.529884      164.626416      321    2.710186e+04
     M   43          13169.5        9.485659      216.200004      258    4.674244e+04
     M   44          13555.0        9.514511      250.896522      221    6.294906e+04
     M   45          13529.0        9.512591      199.989257      217    3.999570e+04
     M   46          13427.0        9.505023      128.036607      200    1.639337e+04
     M   47          13510.0        9.511185      238.915954      165    5.708083e+04
     M   48          14070.0        9.551800      238.871798      160    5.705974e+04
     M   49          13855.0        9.536401      394.619592      144    1.557246e+05
     M   50          13494.0        9.510000      288.430560      143    8.319219e+04
     M   51          13609.5        9.518523      242.433458      118    5.877398e+04
     M   52          13043.5        9.476045      271.164934       98    7.353042e+04
     M   53          13084.5        9.479184      195.357900       82    3.816471e+04
     M   54          12764.5        9.454423      336.833062       86    1.134565e+05
     M   55          13346.0        9.498972      372.139528       71    1.384878e+05
     M   56          12861.0        9.461955      427.967084       60    1.831558e+05
     M   57          12631.0        9.443909      318.238689       69    1.012759e+05
     M   58          13754.0        9.529085      390.861293       40    1.527726e+05
     M   59          14053.5        9.550627      341.646782       44    1.167225e+05
     M   60          13175.5        9.486114      542.789179       54    2.946201e+05
     M   62          13231.0        9.490318      403.858903       36    1.631020e+05
     M   63          14318.0        9.569273      558.903523       33    3.123731e+05
     M   65          14429.0        9.576995      608.631566       30    3.704324e+05

Белые ночи:
gender  age  age_median_time  age_median_log  age_median_std  n_total  age_median_var
     F   23          17620.0        9.776790      973.731612       41   948153.252236
     F   24          15877.0        9.672627      620.301206       57   384773.586332
     F   25          16623.0        9.718543      381.110305       72   145245.064698
     F   26          16547.0        9.713960      522.701827       93   273217.199774
     F   27          16373.0        9.703389      457.461321       95   209270.859899
     F   28          16715.5        9.724092      342.384159      110   117226.912255
     F   29          16831.0        9.730978      238.765508      114    57008.967582
     F   30          16772.5        9.727496      327.713918      118   107396.411803
     F   31          16581.5        9.716043      266.749663      134    71155.382657
     F   32          15811.5        9.668493      357.564639      114   127852.471351
     F   33          15559.0        9.652395      324.399940      106   105235.321382
     F   34          15927.0        9.675771      313.744492      102    98435.606476
     F   35          16270.0        9.697078      479.905565       67   230309.351131
     F   36          16331.0        9.700820      484.535523       66   234774.672739
     F   37          16401.0        9.705098      485.743552       53   235946.797965
     F   38          16364.0        9.702839      616.806579       51   380450.356156
     F   39          16457.0        9.708506      309.462893       53    95767.282387
     F   40          16643.0        9.719745      620.154009       53   384590.994347
     F   41          16113.0        9.687382      436.670444       55   190681.076482
     F   42          16575.0        9.715651      542.256671       55   294042.297261
     F   43          16489.0        9.710449      662.396674       32   438769.353461
     F   44          15868.5        9.672091      381.492340       40   145536.405270
     F   45          16276.0        9.697447      351.036752       37   123226.801508
     F   46          17178.0        9.751385      681.954483       35   465061.916558
     F   47          16628.0        9.718843      609.811007       36   371869.464824
     F   51          16415.0        9.705951      459.855272       30   211466.870829
     M   20          14840.5        9.605115      302.819703      104    91699.772261
     M   21          14947.0        9.612266      244.355282      136    59709.503612
     M   22          15024.0        9.617404      310.252489      117    96256.606633
     M   23          14314.5        9.569028      364.078525      128   132553.172356
     M   24          14971.0        9.613870      338.965276      151   114897.458266
     M   25          15354.5        9.639164      250.331275      194    62665.747230
     M   26          14833.0        9.604610      304.711674      256    92849.204215
     M   27          14582.0        9.587543      212.263869      306    45055.950151
     M   28          14946.5        9.612232      169.246485      368    28644.372607
     M   29          14570.0        9.586720      147.647059      419    21799.654171
     M   30          14803.0        9.602585      182.257253      441    33217.706307
     M   31          14778.0        9.600895      157.272365      463    24734.596759
     M   32          14681.0        9.594309      154.706161      477    23933.996382
     M   33          14339.0        9.570738      138.519523      465    19187.658191
     M   34          14790.5        9.601740      194.219050      452    37721.039190
     M   35          14668.0        9.593424      173.802388      409    30207.269950
     M   36          14339.5        9.570773      143.464822      428    20582.155220
     M   37          14632.0        9.590966      212.334778      359    45086.058065
     M   38          14421.0        9.576441      155.197298      328    24086.201281
     M   39          14774.5        9.600658      215.142670      304    46286.368442
     M   40          14370.0        9.572898      134.193170      280    18007.806809
     M   41          14338.0        9.570669      136.972225      259    18761.390553
     M   42          14945.0        9.612132      247.716890      230    61363.657663
     M   43          14310.0        9.568714      226.409301      230    51261.171759
     M   44          14542.0        9.584796      186.847799      227    34912.099874
     M   45          14099.0        9.553859      229.850656      225    52831.324221
     M   46          14407.0        9.575469      229.424169      193    52635.449146
     M   47          14560.0        9.586033      318.611939      187   101513.567739
     M   48          14520.0        9.583282      278.634085      160    77636.953166
     M   49          14294.5        9.567630      212.644951      136    45217.875320
     M   50          14872.0        9.607236      255.267186      137    65161.336457
     M   51          14233.0        9.563318      262.584905      129    68950.832563
     M   52          14977.0        9.614271      294.249561      120    86582.804121
     M   53          14779.0        9.600963      366.295816      130   134172.625025
     M   54          15775.0        9.666182      298.974547      110    89385.779642
     M   55          14691.0        9.594990      281.014341      109    78969.059673
     M   56          14812.0        9.603193      356.008006      106   126741.700101
     M   57          15090.5        9.621821      338.089491      114   114304.503612
     M   58          15215.0        9.630037      348.998981       92   121800.288637
     M   59          15154.0        9.626020      281.057983       75    78993.589724
     M   60          16342.5        9.701524      477.017347       84   227545.549491
     M   61          15469.0        9.646593      456.917480       73   208773.583518
     M   62          16371.5        9.703297      364.208862       62   132648.095477
     M   63          15716.0        9.662435      452.313442       62   204587.449943
     M   64          16033.0        9.682404      523.798158       51   274364.510452
     M   65          16719.0        9.724301      488.792857       52   238918.457481
     M   66          15041.0        9.618535      636.002281       35   404498.902010
     M   67          15912.0        9.674829      830.053303       32   688988.485873
     M   68          16613.5        9.717971      299.978650       34    89987.190553

Дорога жизни:
gender  age  age_median_time  age_median_log  age_median_std  n_total  age_median_var
     F   26          15457.5        9.645850      654.818031       30   428786.653869
     F   27          14806.0        9.602788      354.651163       41   125777.447236
     F   28          14996.0        9.615539      395.740476       53   156610.524598
     F   29          15676.0        9.659886      460.769629       62   212308.650948
     F   30          15565.0        9.652780      360.095318       67   129668.637965
     F   31          15915.0        9.675017      235.906570       93    55651.909950
     F   32          15857.0        9.671366      228.337823      110    52138.161583
     F   33          15710.0        9.662053      225.902221      133    51031.813442
     F   34          15118.0        9.623641      218.346509      112    47675.198090
     F   35          15373.0        9.640368      190.075812      141    36128.814472
     F   36          15611.0        9.655731      342.591497      120   117368.934114
     F   37          15678.0        9.660014      279.939362      132    78366.046508
     F   38          15630.0        9.656947      299.061167      120    89437.581508
     F   39          16363.0        9.702778      306.730898      113    94083.843995
     F   40          15969.0        9.678405      330.343430      135   109126.781884
     F   41          15795.5        9.667480      338.791868       94   114779.929548
     F   42          16498.0        9.710994      331.870774       81   110138.210829
     F   43          15795.5        9.667480      324.850381       88   105527.769943
     F   44          15988.0        9.679594      411.164036       79   169055.864296
     F   45          15480.0        9.647304      254.769649       72    64907.574271
     F   46          15852.0        9.671051      181.665820       59    33002.470126
     F   47          16285.5        9.698030      354.210106       52   125464.798989
     F   48          16365.5        9.702931      421.096092       38   177321.918335
     F   49          16244.0        9.695479      557.994301       43   311357.639975
     M   24          14477.0        9.580316      530.240750       32   281155.252864
     M   25          14582.5        9.587577      372.515249       54   138767.610396
     M   26          14359.0        9.572132      414.299706       75   171644.246005
     M   27          13897.0        9.539428      219.699886       89    48268.039799
     M   28          14254.0        9.564793      188.280523      112    35449.555471
     M   29          14091.5        9.553327      170.939782      162    29220.408945
     M   30          13967.0        9.544453      128.648541      189    16550.447010
     M   31          13952.0        9.543378      124.330876      261    15458.166608
     M   32          14205.0        9.561349      177.081931      289    31358.010452
     M   33          13921.0        9.541154      123.872008      363    15344.274347
     M   34          14190.0        9.560293      150.578844      390    22673.988134
     M   35          13928.5        9.541692      108.565264      448    11786.416482
     M   36          14215.0        9.562053      171.552391      427    29430.223015
     M   37          14390.0        9.574289      115.092765      449    13246.344497
     M   38          14293.0        9.567525       94.742019      441     8976.050226
     M   39          14406.0        9.575400      169.607788      401    28766.801910
     M   40          14326.5        9.569866      124.453035      398    15488.557984
     M   41          14366.0        9.572620      145.104087      357    21055.195955
     M   42          14306.0        9.568434      137.009062      317    18771.483191
     M   43          14384.0        9.573872      181.634614      293    32991.133166
     M   44          14441.0        9.577827      133.446025      286    17807.841702
     M   45          14504.0        9.582180      193.060256      251    37272.262286
     M   46          14468.5        9.579729      225.922730      202    51041.080000
     M   47          14535.0        9.584315      223.323192      205    49873.248141
     M   48          14316.5        9.569168      152.305300      188    23196.904466
     M   49          14496.5        9.581663      252.834563      170    63925.316325
     M   50          14400.0        9.574983      308.742391      127    95321.863719
     M   51          14672.0        9.593696      252.950012      123    63983.708543
     M   52          14349.5        9.571470      206.598840      102    42683.080804
     M   53          14554.0        9.585621      189.874120       97    36052.181307
     M   54          14843.5        9.605317      231.367961      100    53531.133411
     M   55          15110.0        9.623112      249.327660       81    62164.281809
     M   56          14513.5        9.582835      285.280322       86    81384.862211
     M   57          15059.0        9.619731      370.555492       80   137311.372959
     M   58          15749.5        9.664564      445.827769       52   198762.399190
     M   59          14984.0        9.614738      391.687844       65   153419.366834
     M   60          15160.0        9.626416      280.452511       67    78653.611030
     M   61          15247.0        9.632138      356.994035       55   127444.740804
     M   62          15385.0        9.641148      461.298727       54   212796.515823
     M   63          15324.0        9.637176      329.818025       57   108779.929422
     M   64          15511.0        9.649305      494.203453       51   244237.053166
     M   65          15736.0        9.663706      326.240913       57   106433.133568
     M   66          16149.0        9.689613      530.965601       35   281924.469950
     M   67          16310.0        9.699534      550.668100       33   303235.356784
     M   68          16165.0        9.690604      539.569958       30   291135.739943

Пермский марафон:
gender  age  age_median_time  age_median_log  age_median_std  n_total  age_median_var
     M   24          13099.5        9.480329      471.246795       30   222073.542205
     M   27          13871.0        9.537556      853.852354       35   729063.843191
     M   28          13405.0        9.503383      491.065122       42   241144.954146
     M   29          13563.0        9.515101      368.278562       41   135629.099397
     M   30          13206.0        9.488427      628.938347       43   395563.444322
     M   31          14120.0        9.555348      237.448102       55    56381.600980
     M   32          13527.0        9.512443      528.265097       61   279064.013040
     M   33          14032.0        9.549096      143.183259       72    20501.445628
     M   34          13733.0        9.527557      282.136727       79    79601.132764
     M   35          14246.5        9.564267      386.514046       78   149393.107481
     M   36          14034.5        9.549274      285.416295       86    81462.461300
     M   37          13451.0        9.506809      260.201248       80    67704.689347
     M   38          13758.0        9.529376      426.501194       74   181903.268442
     M   39          13390.5        9.502301      268.638764       88    72166.785622
     M   40          13170.0        9.485697      296.768837       66    88071.742456
     M   41          13757.0        9.529303      298.471902       65    89085.476156
     M   42          13591.0        9.517163      288.438243       63    83196.620075
     M   43          13338.0        9.498372      454.007857       41   206123.134447
     M   44          13092.0        9.479757      456.239838       39   208154.789849
     M   45          12883.0        9.463664      250.194693       47    62597.384422
     M   46          12916.5        9.466261      408.220528       56   166643.999472
     M   47          13541.0        9.513477      391.938965       38   153616.152205
     M   48          13067.5        9.477884      370.153679       48   137013.746005
     M   49          13602.0        9.517972      385.160111       38   148348.311300
     M   50          13278.5        9.493901      508.237762       32   258305.623216
     M   51          13718.5        9.526501      423.785585       38   179594.222010
     M   52          12883.0        9.463664      586.888049       31   344437.581884
     M   53          13913.0        9.540579      486.911596       31   237082.902286
